1.613000000000000000e+03
1.721000000000000000e+03
1.675000000000000000e+03
1.690000000000000000e+03
1.708000000000000000e+03
1.655000000000000000e+03
1.701000000000000000e+03
1.675000000000000000e+03
1.740000000000000000e+03
1.731000000000000000e+03
1.690000000000000000e+03
1.661000000000000000e+03
1.641000000000000000e+03
1.686000000000000000e+03
1.663000000000000000e+03
1.781000000000000000e+03
1.722000000000000000e+03
1.695000000000000000e+03
1.658000000000000000e+03
1.674000000000000000e+03
